{
    "coordinate_note": "Gym meshes are exported in local origin-normalized coordinates. Each object's Step 3 source-to-world transform is composed with the inverse normalization transform, then decomposed into init_pos, init_rot, and body_scale in gym_config.json.",
    "tabletop_refinement_json": "/workspace/output_scenes/scene_1779962412/tabletop_layout/tabletop_refinement_transform.json",
    "assets_clutter_refined_layout_json": "/workspace/output_scenes/scene_1779962412/tabletop_layout/assets_clutter_refined_layout.json",
    "objects": {
        "table": {
            "uid": "table",
            "role": "table",
            "source_mesh": "/workspace/output_scenes/scene_1779962412/simready_assets/sam3d_objects_results/meshes/table_1.glb",
            "gym_mesh": "mesh_assets/table/table_1.glb",
            "source_bounds": [
                [
                    -0.8406507968902588,
                    -0.5395638942718506,
                    1.8974921703338623
                ],
                [
                    0.7946234345436096,
                    0.38869190216064453,
                    2.855910062789917
                ]
            ],
            "normalization_center": [
                -0.023013681173324585,
                -0.07543599605560303,
                2.3767011165618896
            ],
            "T_source_mesh_to_gym_mesh": [
                [
                    1.0,
                    0.0,
                    0.0,
                    0.023013681173324585
                ],
                [
                    0.0,
                    1.0,
                    0.0,
                    0.07543599605560303
                ],
                [
                    0.0,
                    0.0,
                    1.0,
                    -2.3767011165618896
                ],
                [
                    0.0,
                    0.0,
                    0.0,
                    1.0
                ]
            ],
            "T_gym_mesh_to_world": [
                [
                    0.9998184093108882,
                    -0.017990680988554025,
                    -0.006283613658820507,
                    0.00237883895267417
                ],
                [
                    -0.0165543406427353,
                    -0.6566358430343341,
                    -0.754026076106439,
                    0.003619623263377836
                ],
                [
                    0.009439396640120445,
                    0.753993173072646,
                    -0.6568144279405813,
                    0.3241322129772306
                ],
                [
                    0.0,
                    0.0,
                    0.0,
                    1.0
                ]
            ],
            "init_pos": [
                0.00237883895267417,
                0.003619623263377836,
                0.3241322129772306
            ],
            "init_rot": [
                131.0595967054012,
                -0.5408456205882278,
                -0.9485794437136701
            ],
            "body_scale": [
                1.0,
                0.9999999999999999,
                0.9999999999999999
            ]
        },
        "apple_0": {
            "uid": "apple_0",
            "role": "rigid_object",
            "source_asset_name": "apple_0",
            "source_mesh": "/workspace/output_scenes/scene_1779962412/simready_assets/sam3d_objects_results/meshes/apple_0.glb",
            "gym_mesh": "mesh_assets/apple/apple_0/apple_0.glb",
            "source_bounds": [
                [
                    -0.13016438484191895,
                    0.05264229327440262,
                    2.277639627456665
                ],
                [
                    0.00652940571308136,
                    0.18381622433662415,
                    2.4132792949676514
                ]
            ],
            "normalization_center": [
                -0.06181748956441879,
                0.11822925880551338,
                2.345459461212158
            ],
            "T_source_mesh_to_gym_mesh": [
                [
                    1.0,
                    0.0,
                    0.0,
                    0.06181748956441879
                ],
                [
                    0.0,
                    1.0,
                    0.0,
                    -0.11822925880551338
                ],
                [
                    0.0,
                    0.0,
                    1.0,
                    -2.345459461212158
                ],
                [
                    0.0,
                    0.0,
                    0.0,
                    1.0
                ]
            ],
            "T_gym_mesh_to_world": [
                [
                    0.9996114989902188,
                    0.0026298459097484203,
                    -0.027747702553880767,
                    -0.08395248318729388
                ],
                [
                    -0.021190888318439082,
                    -0.5749748960133224,
                    -0.8178965797744505,
                    0.07265108542455856
                ],
                [
                    -0.01810517436544326,
                    0.8181668245932242,
                    -0.5746957889146542,
                    0.6649410700967469
                ],
                [
                    0.0,
                    0.0,
                    0.0,
                    1.0
                ]
            ],
            "init_pos": [
                -0.08395248318729388,
                0.07265108542455856,
                0.6649410700967469
            ],
            "init_rot": [
                125.08492737084426,
                1.0374067602823311,
                -1.2144384437679425
            ],
            "body_scale": [
                0.9999999999999999,
                0.9999999999999998,
                0.9999999999999997
            ]
        },
        "book_3": {
            "uid": "book_3",
            "role": "rigid_object",
            "source_asset_name": "book_3",
            "source_mesh": "/workspace/output_scenes/scene_1779962412/simready_assets/sam3d_objects_results/meshes/book_3.glb",
            "gym_mesh": "mesh_assets/book/book_3/book_3.glb",
            "source_bounds": [
                [
                    0.13125485181808472,
                    -0.0062432661652565,
                    2.2263426780700684
                ],
                [
                    0.5626696944236755,
                    0.24013924598693848,
                    2.6208913326263428
                ]
            ],
            "normalization_center": [
                0.3469622731208801,
                0.11694798991084099,
                2.4236170053482056
            ],
            "T_source_mesh_to_gym_mesh": [
                [
                    1.0,
                    0.0,
                    0.0,
                    -0.3469622731208801
                ],
                [
                    0.0,
                    1.0,
                    0.0,
                    -0.11694798991084099
                ],
                [
                    0.0,
                    0.0,
                    1.0,
                    -2.4236170053482056
                ],
                [
                    0.0,
                    0.0,
                    0.0,
                    1.0
                ]
            ],
            "T_gym_mesh_to_world": [
                [
                    0.9986789867764434,
                    0.027417482200721807,
                    -0.04345760049691588,
                    0.32496826423346936
                ],
                [
                    -0.025273378147940537,
                    -0.4742725383664952,
                    -0.8800152360660538,
                    0.009061409182661961
                ],
                [
                    -0.04473854857019439,
                    0.8799510446730399,
                    -0.4729530856762201,
                    0.6365947172077635
                ],
                [
                    0.0,
                    0.0,
                    0.0,
                    1.0
                ]
            ],
            "init_pos": [
                0.32496826423346936,
                0.009061409182661961,
                0.6365947172077635
            ],
            "init_rot": [
                118.25698889958122,
                2.564185886002991,
                -1.449663917070915
            ],
            "body_scale": [
                1.0,
                0.9999999999999999,
                1.0
            ]
        },
        "mug_2": {
            "uid": "mug_2",
            "role": "rigid_object",
            "source_asset_name": "mug_2",
            "source_mesh": "/workspace/output_scenes/scene_1779962412/simready_assets/sam3d_objects_results/meshes/mug_2.glb",
            "gym_mesh": "mesh_assets/mug/mug_2/mug_2.glb",
            "source_bounds": [
                [
                    -0.5154152512550354,
                    0.031225182116031647,
                    2.2125799655914307
                ],
                [
                    -0.34500712156295776,
                    0.1919134557247162,
                    2.373105525970459
                ]
            ],
            "normalization_center": [
                -0.4302111864089966,
                0.11156931892037392,
                2.292842745780945
            ],
            "T_source_mesh_to_gym_mesh": [
                [
                    1.0,
                    0.0,
                    0.0,
                    0.4302111864089966
                ],
                [
                    0.0,
                    1.0,
                    0.0,
                    -0.11156931892037392
                ],
                [
                    0.0,
                    0.0,
                    1.0,
                    -2.292842745780945
                ],
                [
                    0.0,
                    0.0,
                    0.0,
                    1.0
                ]
            ],
            "T_gym_mesh_to_world": [
                [
                    0.9978008301939081,
                    -0.01725549800139715,
                    0.06399805507256748,
                    -0.4551257296007939
                ],
                [
                    0.03909845833405838,
                    -0.626436176457923,
                    -0.7784915075841723,
                    0.11792005193687038
                ],
                [
                    0.05352395557362611,
                    0.7792816978561098,
                    -0.6243838735635722,
                    0.6709597143541728
                ],
                [
                    0.0,
                    0.0,
                    0.0,
                    1.0
                ]
            ],
            "init_pos": [
                -0.4551257296007939,
                0.11792005193687038,
                0.6709597143541728
            ],
            "init_rot": [
                128.7027542588752,
                -3.068162900646729,
                2.2439660166022257
            ],
            "body_scale": [
                0.9999999999999999,
                0.9999999999999998,
                0.9999999999999998
            ]
        }
    }
}